最 0.001607717041800643 0.0009852216748768472 0.21267565755841303 
进 0.0008038585209003215 0.0019704433497536944 -0.38938433376954934 
听觉 0.001607717041800643 0.0009852216748768472 0.21267565755841303 
强大 0.001607717041800643 0.0009852216748768472 0.21267565755841303 
繁琐 0.0008038585209003215 0.0019704433497536944 -0.38938433376954934 
解释 0.0008038585209003215 0.0019704433497536944 -0.38938433376954934 
老 0.002411575562700965 0.0009852216748768472 0.38876691661409435 
实际 0.002411575562700965 0.0009852216748768472 0.38876691661409435 
快乐 0.0008038585209003215 0.0019704433497536944 -0.38938433376954934 
适合 0.0008038585209003215 0.0019704433497536944 -0.38938433376954934 
勉强 0.0008038585209003215 0.0019704433497536944 -0.38938433376954934 
一定要 0.001607717041800643 0.0009852216748768472 0.21267565755841303 
加法 0.0008038585209003215 0.0019704433497536944 -0.38938433376954934 
踩 0.0008038585209003215 0.0019704433497536944 -0.38938433376954934 
简洁 0.002411575562700965 0.0009852216748768472 0.38876691661409435 
互动性 0.003215434083601286 0.0009852216748768472 0.5137056532223943 
养成 0.001607717041800643 0.0009852216748768472 0.21267565755841303 
优秀 0.001607717041800643 0.0009852216748768472 0.21267565755841303 
没有 0.0008038585209003215 0.01083743842364532 -1.1297470232637932 
鄂教版 0.0008038585209003215 0.002955665024630542 -0.5654755928252306 
准备 0.002411575562700965 0.0009852216748768472 0.38876691661409435 
还不错 0.001607717041800643 0.0009852216748768472 0.21267565755841303 
也 0.0040192926045016075 0.006896551724137931 -0.2344823737838062 
不言而喻 0.001607717041800643 0.0009852216748768472 0.21267565755841303 
觉得 0.0008038585209003215 0.0019704433497536944 -0.38938433376954934 
应用 0.003215434083601286 0.0009852216748768472 0.5137056532223943 
黑屏 0.0008038585209003215 0.002955665024630542 -0.5654755928252306 
以后 0.001607717041800643 0.0009852216748768472 0.21267565755841303 
反应 0.0008038585209003215 0.0019704433497536944 -0.38938433376954934 
失去 0.0008038585209003215 0.003940886699507389 -0.6904143294335305 
时候 0.0008038585209003215 0.0019704433497536944 -0.38938433376954934 
简捷点 0.0008038585209003215 0.0019704433497536944 -0.38938433376954934 
借鉴 0.001607717041800643 0.0009852216748768472 0.21267565755841303 
迷路 0.0008038585209003215 0.0019704433497536944 -0.38938433376954934 
程序 0.001607717041800643 0.0009852216748768472 0.21267565755841303 
过程 0.002411575562700965 0.0009852216748768472 0.38876691661409435 
生活 0.001607717041800643 0.0009852216748768472 0.21267565755841303 
情境 0.001607717041800643 0.0009852216748768472 0.21267565755841303 
衔接 0.002411575562700965 0.0009852216748768472 0.38876691661409435 
余数 0.001607717041800643 0.0009852216748768472 0.21267565755841303 
适用 0.001607717041800643 0.0009852216748768472 0.21267565755841303 
精 0.001607717041800643 0.0009852216748768472 0.21267565755841303 
无敌 0.0008038585209003215 0.0019704433497536944 -0.38938433376954934 
相乘 0.0008038585209003215 0.0019704433497536944 -0.38938433376954934 
尊重 0.001607717041800643 0.0009852216748768472 0.21267565755841303 
方便 0.001607717041800643 0.0009852216748768472 0.21267565755841303 
麻烦 0.0008038585209003215 0.0019704433497536944 -0.38938433376954934 
在 0.003215434083601286 0.002955665024630542 0.03658439850273172 
作者 0.001607717041800643 0.0009852216748768472 0.21267565755841303 
分类 0.001607717041800643 0.0009852216748768472 0.21267565755841303 
损坏 0.0008038585209003215 0.0019704433497536944 -0.38938433376954934 
课 0.00482315112540193 0.0009852216748768472 0.6897969122780755 
经历 0.001607717041800643 0.0009852216748768472 0.21267565755841303 
清楚 0.0008038585209003215 0.0019704433497536944 -0.38938433376954934 
抽象 0.002411575562700965 0.0009852216748768472 0.38876691661409435 
下为 0.001607717041800643 0.0009852216748768472 0.21267565755841303 
非常 0.0040192926045016075 0.0019704433497536944 0.30958567056646946 
学到 0.001607717041800643 0.0009852216748768472 0.21267565755841303 
短 0.0008038585209003215 0.0019704433497536944 -0.38938433376954934 
费 0.001607717041800643 0.0009852216748768472 0.21267565755841303 
要 0.003215434083601286 0.003940886699507389 -0.08835433810556817 
转换 0.0008038585209003215 0.0019704433497536944 -0.38938433376954934 
有趣 0.0040192926045016075 0.0009852216748768472 0.6106156662304506 
会 0.0008038585209003215 0.0019704433497536944 -0.38938433376954934 
已 0.0008038585209003215 0.0019704433497536944 -0.38938433376954934 
实录 0.0008038585209003215 0.0019704433497536944 -0.38938433376954934 
谢谢 0.008038585209003215 0.0009852216748768472 0.9116456618944319 
出现 0.0008038585209003215 0.0019704433497536944 -0.38938433376954934 
谢谢你 0.001607717041800643 0.0009852216748768472 0.21267565755841303 
教学 0.012057877813504822 0.0009852216748768472 1.087736920950113 
请 0.0008038585209003215 0.0019704433497536944 -0.38938433376954934 
真 0.0008038585209003215 0.0019704433497536944 -0.38938433376954934 
向 0.001607717041800643 0.0009852216748768472 0.21267565755841303 
倾听 0.001607717041800643 0.0009852216748768472 0.21267565755841303 
应该 0.0008038585209003215 0.0019704433497536944 -0.38938433376954934 
这首诗 0.001607717041800643 0.0009852216748768472 0.21267565755841303 
高中生 0.0008038585209003215 0.0019704433497536944 -0.38938433376954934 
感受 0.001607717041800643 0.0019704433497536944 -0.08835433810556817 
注意力 0.001607717041800643 0.0009852216748768472 0.21267565755841303 
转化 0.001607717041800643 0.0009852216748768472 0.21267565755841303 
相长 0.001607717041800643 0.0009852216748768472 0.21267565755841303 
面具 0.001607717041800643 0.0009852216748768472 0.21267565755841303 
共享 0.001607717041800643 0.0009852216748768472 0.21267565755841303 
作用 0.002411575562700965 0.0009852216748768472 0.38876691661409435 
阅读 0.001607717041800643 0.0019704433497536944 -0.08835433810556817 
班级 0.001607717041800643 0.0009852216748768472 0.21267565755841303 
重 0.002411575562700965 0.0009852216748768472 0.38876691661409435 
加 0.0008038585209003215 0.0019704433497536944 -0.38938433376954934 
日 0.0008038585209003215 0.0019704433497536944 -0.38938433376954934 
声音 0.001607717041800643 0.0009852216748768472 0.21267565755841303 
平台 0.0008038585209003215 0.0019704433497536944 -0.38938433376954934 
一堂课 0.001607717041800643 0.0009852216748768472 0.21267565755841303 
条理 0.002411575562700965 0.0009852216748768472 0.38876691661409435 
好漂亮 0.001607717041800643 0.0009852216748768472 0.21267565755841303 
知识 0.003215434083601286 0.0009852216748768472 0.5137056532223943 
找 0.0008038585209003215 0.0019704433497536944 -0.38938433376954934 
合理 0.002411575562700965 0.0009852216748768472 0.38876691661409435 
课堂 0.0040192926045016075 0.0019704433497536944 0.30958567056646946 
图片 0.0008038585209003215 0.0019704433497536944 -0.38938433376954934 
赞 0.0040192926045016075 0.0009852216748768472 0.6106156662304506 
人 0.0008038585209003215 0.0019704433497536944 -0.38938433376954934 
精彩纷呈 0.001607717041800643 0.0009852216748768472 0.21267565755841303 
提高 0.002411575562700965 0.0009852216748768472 0.38876691661409435 
小 0.001607717041800643 0.0009852216748768472 0.21267565755841303 
挺好 0.0008038585209003215 0.0019704433497536944 -0.38938433376954934 
收集 0.001607717041800643 0.0009852216748768472 0.21267565755841303 
是 0.0040192926045016075 0.0049261083743842365 -0.08835433810556823 
孩子 0.003215434083601286 0.002955665024630542 0.03658439850273172 
出来 0.0008038585209003215 0.0019704433497536944 -0.38938433376954934 
空 0.0008038585209003215 0.0019704433497536944 -0.38938433376954934 
根本 0.0008038585209003215 0.0019704433497536944 -0.38938433376954934 
大 0.0008038585209003215 0.0019704433497536944 -0.38938433376954934 
自然 0.002411575562700965 0.0009852216748768472 0.38876691661409435 
很 0.013665594855305467 0.002955665024630542 0.6649733285530433 
听众 0.001607717041800643 0.0009852216748768472 0.21267565755841303 
作 0.001607717041800643 0.0009852216748768472 0.21267565755841303 
改进 0.0008038585209003215 0.0019704433497536944 -0.38938433376954934 
空白 0.0008038585209003215 0.0019704433497536944 -0.38938433376954934 
错位 0.0008038585209003215 0.0019704433497536944 -0.38938433376954934 
例子 0.0008038585209003215 0.0019704433497536944 -0.38938433376954934 
更 0.001607717041800643 0.002955665024630542 -0.2644455971612495 
地址 0.0008038585209003215 0.0019704433497536944 -0.38938433376954934 
重点 0.002411575562700965 0.0019704433497536944 0.08773692095011314 
切实 0.001607717041800643 0.0009852216748768472 0.21267565755841303 
是不是 0.0008038585209003215 0.0019704433497536944 -0.38938433376954934 
紧扣 0.001607717041800643 0.0009852216748768472 0.21267565755841303 
视频 0.002411575562700965 0.003940886699507389 -0.21329307471386807 
学习 0.016881028938906754 0.0019704433497536944 0.9328349609643699 
就好 0.0008038585209003215 0.002955665024630542 -0.5654755928252306 
特殊 0.0008038585209003215 0.0019704433497536944 -0.38938433376954934 
发展 0.001607717041800643 0.0009852216748768472 0.21267565755841303 
付出 0.001607717041800643 0.0009852216748768472 0.21267565755841303 
下来 0.0008038585209003215 0.002955665024630542 -0.5654755928252306 
体会 0.002411575562700965 0.0009852216748768472 0.38876691661409435 
念题 0.0008038585209003215 0.0019704433497536944 -0.38938433376954934 
情况 0.0008038585209003215 0.0019704433497536944 -0.38938433376954934 
一定 0.002411575562700965 0.0009852216748768472 0.38876691661409435 
完全 0.0008038585209003215 0.0019704433497536944 -0.38938433376954934 
新颖 0.003215434083601286 0.0009852216748768472 0.5137056532223943 
配 0.001607717041800643 0.0019704433497536944 -0.08835433810556817 
管理 0.001607717041800643 0.0009852216748768472 0.21267565755841303 
激发 0.001607717041800643 0.0009852216748768472 0.21267565755841303 
抓住 0.002411575562700965 0.0009852216748768472 0.38876691661409435 
分子 0.0008038585209003215 0.0019704433497536944 -0.38938433376954934 
思路 0.0040192926045016075 0.0019704433497536944 0.30958567056646946 
成熟 0.001607717041800643 0.0009852216748768472 0.21267565755841303 
畅读 0.001607717041800643 0.0009852216748768472 0.21267565755841303 
上 0.001607717041800643 0.003940886699507389 -0.38938433376954934 
部分 0.0008038585209003215 0.0019704433497536944 -0.38938433376954934 
充 0.001607717041800643 0.0009852216748768472 0.21267565755841303 
用 0.002411575562700965 0.007881773399014778 -0.5143230703778493 
起码 0.0008038585209003215 0.0019704433497536944 -0.38938433376954934 
花脸 0.001607717041800643 0.0009852216748768472 0.21267565755841303 
习惯 0.001607717041800643 0.0009852216748768472 0.21267565755841303 
少 0.0008038585209003215 0.002955665024630542 -0.5654755928252306 
酒 0.001607717041800643 0.0009852216748768472 0.21267565755841303 
读 0.0008038585209003215 0.0019704433497536944 -0.38938433376954934 
和 0.00482315112540193 0.0019704433497536944 0.38876691661409435 
设计 0.001607717041800643 0.0009852216748768472 0.21267565755841303 
时 0.002411575562700965 0.0009852216748768472 0.38876691661409435 
并 0.001607717041800643 0.0009852216748768472 0.21267565755841303 
精巧 0.001607717041800643 0.0009852216748768472 0.21267565755841303 
诗歌 0.001607717041800643 0.0009852216748768472 0.21267565755841303 
但是 0.0008038585209003215 0.003940886699507389 -0.6904143294335305 
正确 0.001607717041800643 0.0009852216748768472 0.21267565755841303 
危险 0.0008038585209003215 0.0019704433497536944 -0.38938433376954934 
继续 0.001607717041800643 0.0009852216748768472 0.21267565755841303 
开 0.0008038585209003215 0.0049261083743842365 -0.787324342441587 
个位 0.0008038585209003215 0.0019704433497536944 -0.38938433376954934 
资料 0.001607717041800643 0.0009852216748768472 0.21267565755841303 
太好 0.001607717041800643 0.0009852216748768472 0.21267565755841303 
奥妙 0.001607717041800643 0.0009852216748768472 0.21267565755841303 
利用 0.001607717041800643 0.0019704433497536944 -0.08835433810556817 
喜欢 0.001607717041800643 0.0009852216748768472 0.21267565755841303 
精品 0.002411575562700965 0.0009852216748768472 0.38876691661409435 
点 0.0008038585209003215 0.0049261083743842365 -0.787324342441587 
云 0.0008038585209003215 0.0019704433497536944 -0.38938433376954934 
表现 0.001607717041800643 0.0009852216748768472 0.21267565755841303 
垃圾 0.0008038585209003215 0.003940886699507389 -0.6904143294335305 
充分地 0.001607717041800643 0.0009852216748768472 0.21267565755841303 
精美 0.003215434083601286 0.0009852216748768472 0.5137056532223943 
风筝 0.0008038585209003215 0.002955665024630542 -0.5654755928252306 
特点 0.001607717041800643 0.0009852216748768472 0.21267565755841303 
思维 0.002411575562700965 0.0009852216748768472 0.38876691661409435 
紧凑 0.002411575562700965 0.0009852216748768472 0.38876691661409435 
实用 0.003215434083601286 0.0009852216748768472 0.5137056532223943 
成功 0.001607717041800643 0.0009852216748768472 0.21267565755841303 
说好 0.0008038585209003215 0.0019704433497536944 -0.38938433376954934 
减法 0.0008038585209003215 0.0019704433497536944 -0.38938433376954934 
还有 0.001607717041800643 0.0009852216748768472 0.21267565755841303 
效果好 0.001607717041800643 0.0009852216748768472 0.21267565755841303 
不 0.0008038585209003215 0.02167487684729064 -1.4307770189277744 
资源 0.0040192926045016075 0.003940886699507389 0.008555674902488257 
都 0.0008038585209003215 0.002955665024630542 -0.5654755928252306 
方法 0.001607717041800643 0.0009852216748768472 0.21267565755841303 
操作 0.002411575562700965 0.0009852216748768472 0.38876691661409435 
会好 0.0008038585209003215 0.0019704433497536944 -0.38938433376954934 
干嘛 0.0008038585209003215 0.0019704433497536944 -0.38938433376954934 
形象 0.001607717041800643 0.0009852216748768472 0.21267565755841303 
有没有 0.001607717041800643 0.0019704433497536944 -0.08835433810556817 
感觉 0.001607717041800643 0.002955665024630542 -0.2644455971612495 
文本 0.001607717041800643 0.0009852216748768472 0.21267565755841303 
谈话 0.001607717041800643 0.0009852216748768472 0.21267565755841303 
现代 0.001607717041800643 0.0009852216748768472 0.21267565755841303 
上传 0.0008038585209003215 0.002955665024630542 -0.5654755928252306 
版本 0.0008038585209003215 0.0019704433497536944 -0.38938433376954934 
失败 0.0008038585209003215 0.0019704433497536944 -0.38938433376954934 
既不 0.0008038585209003215 0.0019704433497536944 -0.38938433376954934 
十全十美 0.0008038585209003215 0.0019704433497536944 -0.38938433376954934 
很大 0.001607717041800643 0.0009852216748768472 0.21267565755841303 
美 0.001607717041800643 0.0009852216748768472 0.21267565755841303 
戏曲 0.001607717041800643 0.0009852216748768472 0.21267565755841303 
咋回事 0.0008038585209003215 0.0019704433497536944 -0.38938433376954934 
很不错 0.003215434083601286 0.0019704433497536944 0.21267565755841303 
弄 0.0008038585209003215 0.0019704433497536944 -0.38938433376954934 
态度 0.002411575562700965 0.0009852216748768472 0.38876691661409435 
老师 0.00964630225080386 0.0019704433497536944 0.6897969122780755 
却 0.001607717041800643 0.0009852216748768472 0.21267565755841303 
符合 0.003215434083601286 0.0009852216748768472 0.5137056532223943 
趣味性 0.003215434083601286 0.0009852216748768472 0.5137056532223943 
做 0.005627009646302251 0.002955665024630542 0.27962244718902624 
讲 0.002411575562700965 0.0019704433497536944 0.08773692095011314 
推荐 0.0008038585209003215 0.0019704433497536944 -0.38938433376954934 
颜色 0.001607717041800643 0.0009852216748768472 0.21267565755841303 
让 0.003215434083601286 0.0019704433497536944 0.21267565755841303 
能 0.0008038585209003215 0.002955665024630542 -0.5654755928252306 
不会 0.0008038585209003215 0.0019704433497536944 -0.38938433376954934 
又 0.001607717041800643 0.002955665024630542 -0.2644455971612495 
真棒 0.001607717041800643 0.0009852216748768472 0.21267565755841303 
四年级 0.0008038585209003215 0.0019704433497536944 -0.38938433376954934 
可是 0.0008038585209003215 0.0019704433497536944 -0.38938433376954934 
教师 0.001607717041800643 0.0009852216748768472 0.21267565755841303 
中 0.00482315112540193 0.002955665024630542 0.21267565755841303 
小学 0.0008038585209003215 0.0019704433497536944 -0.38938433376954934 
地图 0.001607717041800643 0.0009852216748768472 0.21267565755841303 
到底 0.0008038585209003215 0.0019704433497536944 -0.38938433376954934 
极 0.001607717041800643 0.0009852216748768472 0.21267565755841303 
在家 0.001607717041800643 0.0009852216748768472 0.21267565755841303 
制作 0.003215434083601286 0.0009852216748768472 0.5137056532223943 
分享 0.0040192926045016075 0.0009852216748768472 0.6106156662304506 
有点 0.0008038585209003215 0.005911330049261084 -0.8665055884892119 
浪费 0.0008038585209003215 0.0019704433497536944 -0.38938433376954934 
文章 0.001607717041800643 0.0009852216748768472 0.21267565755841303 
非常棒 0.002411575562700965 0.0009852216748768472 0.38876691661409435 
与 0.005627009646302251 0.0009852216748768472 0.7567437019086887 
时间 0.0008038585209003215 0.0019704433497536944 -0.38938433376954934 
意义 0.001607717041800643 0.0009852216748768472 0.21267565755841303 
累 0.0008038585209003215 0.0019704433497536944 -0.38938433376954934 
方程 0.005627009646302251 0.0009852216748768472 0.7567437019086887 
韵意 0.001607717041800643 0.0009852216748768472 0.21267565755841303 
意识 0.001607717041800643 0.0009852216748768472 0.21267565755841303 
力 0.001607717041800643 0.0009852216748768472 0.21267565755841303 
不一样 0.0008038585209003215 0.0019704433497536944 -0.38938433376954934 
还 0.0008038585209003215 0.002955665024630542 -0.5654755928252306 
代替 0.0008038585209003215 0.0019704433497536944 -0.38938433376954934 
卷子 0.0008038585209003215 0.0019704433497536944 -0.38938433376954934 
把 0.0008038585209003215 0.0019704433497536944 -0.38938433376954934 
信息技术 0.0040192926045016075 0.0009852216748768472 0.6106156662304506 
感谢 0.001607717041800643 0.0009852216748768472 0.21267565755841303 
分明 0.002411575562700965 0.0009852216748768472 0.38876691661409435 
分 0.001607717041800643 0.0009852216748768472 0.21267565755841303 
可惜 0.0008038585209003215 0.0019704433497536944 -0.38938433376954934 
费心 0.002411575562700965 0.0009852216748768472 0.38876691661409435 
去 0.0008038585209003215 0.0019704433497536944 -0.38938433376954934 
应 0.0008038585209003215 0.0019704433497536944 -0.38938433376954934 
教材 0.003215434083601286 0.0009852216748768472 0.5137056532223943 
信息 0.002411575562700965 0.0009852216748768472 0.38876691661409435 
充实 0.006430868167202572 0.0009852216748768472 0.8147356488863754 
音频 0.0008038585209003215 0.002955665024630542 -0.5654755928252306 
實事求是 0.001607717041800643 0.0009852216748768472 0.21267565755841303 
中学 0.0008038585209003215 0.0019704433497536944 -0.38938433376954934 
音乐 0.001607717041800643 0.0009852216748768472 0.21267565755841303 
很漂亮 0.001607717041800643 0.0009852216748768472 0.21267565755841303 
方向 0.001607717041800643 0.0009852216748768472 0.21267565755841303 
眼睛 0.001607717041800643 0.0009852216748768472 0.21267565755841303 
请问 0.001607717041800643 0.0009852216748768472 0.21267565755841303 
突破 0.001607717041800643 0.0009852216748768472 0.21267565755841303 
算 0.0008038585209003215 0.0019704433497536944 -0.38938433376954934 
竟然 0.0008038585209003215 0.0019704433497536944 -0.38938433376954934 
开展 0.001607717041800643 0.0009852216748768472 0.21267565755841303 
等 0.0008038585209003215 0.0019704433497536944 -0.38938433376954934 
好 0.006430868167202572 0.006896551724137931 -0.030362391127881413 
为 0.001607717041800643 0.0009852216748768472 0.21267565755841303 
结构 0.002411575562700965 0.0009852216748768472 0.38876691661409435 
实在 0.001607717041800643 0.0019704433497536944 -0.08835433810556817 
既然 0.0008038585209003215 0.0019704433497536944 -0.38938433376954934 
视觉 0.001607717041800643 0.0009852216748768472 0.21267565755841303 
加载 0.0008038585209003215 0.0019704433497536944 -0.38938433376954934 
受益 0.001607717041800643 0.0009852216748768472 0.21267565755841303 
看不到 0.0008038585209003215 0.007881773399014778 -0.9914443250975118 
板书 0.0008038585209003215 0.0019704433497536944 -0.38938433376954934 
真不错 0.002411575562700965 0.0009852216748768472 0.38876691661409435 
集合 0.001607717041800643 0.0009852216748768472 0.21267565755841303 
联系 0.001607717041800643 0.0009852216748768472 0.21267565755841303 
强 0.012861736334405145 0.0009852216748768472 1.1157656445503565 
后面 0.0008038585209003215 0.0019704433497536944 -0.38938433376954934 
最好 0.0008038585209003215 0.0019704433497536944 -0.38938433376954934 
文件 0.0008038585209003215 0.0019704433497536944 -0.38938433376954934 
花 0.0008038585209003215 0.0019704433497536944 -0.38938433376954934 
看着 0.001607717041800643 0.0009852216748768472 0.21267565755841303 
暂 0.0008038585209003215 0.0019704433497536944 -0.38938433376954934 
很多 0.0008038585209003215 0.0019704433497536944 -0.38938433376954934 
初步 0.001607717041800643 0.0009852216748768472 0.21267565755841303 
好棒 0.002411575562700965 0.0009852216748768472 0.38876691661409435 
回去 0.001607717041800643 0.0009852216748768472 0.21267565755841303 
准确 0.003215434083601286 0.0009852216748768472 0.5137056532223943 
课件 0.0040192926045016075 0.006896551724137931 -0.2344823737838062 
说得好 0.001607717041800643 0.0009852216748768472 0.21267565755841303 
效率 0.002411575562700965 0.0009852216748768472 0.38876691661409435 
容量 0.0008038585209003215 0.0019704433497536944 -0.38938433376954934 
六年级 0.0008038585209003215 0.0019704433497536944 -0.38938433376954934 
写 0.00482315112540193 0.002955665024630542 0.21267565755841303 
目标 0.001607717041800643 0.0009852216748768472 0.21267565755841303 
慢 0.0008038585209003215 0.003940886699507389 -0.6904143294335305 
推广 0.001607717041800643 0.0009852216748768472 0.21267565755841303 
考 0.001607717041800643 0.0009852216748768472 0.21267565755841303 
真诚 0.002411575562700965 0.0009852216748768472 0.38876691661409435 
的确 0.001607717041800643 0.0009852216748768472 0.21267565755841303 
挖掘 0.001607717041800643 0.0009852216748768472 0.21267565755841303 
开余 0.0008038585209003215 0.0019704433497536944 -0.38938433376954934 
等式 0.001607717041800643 0.0009852216748768472 0.21267565755841303 
画面 0.001607717041800643 0.0019704433497536944 -0.08835433810556817 
小数点 0.0008038585209003215 0.0019704433497536944 -0.38938433376954934 
交流 0.001607717041800643 0.0009852216748768472 0.21267565755841303 
就要 0.0008038585209003215 0.0019704433497536944 -0.38938433376954934 
短小 0.001607717041800643 0.0009852216748768472 0.21267565755841303 
教育 0.0008038585209003215 0.0019704433497536944 -0.38938433376954934 
理解 0.001607717041800643 0.0009852216748768472 0.21267565755841303 
创造 0.001607717041800643 0.0009852216748768472 0.21267565755841303 
相结合 0.001607717041800643 0.0009852216748768472 0.21267565755841303 
用心 0.003215434083601286 0.0009852216748768472 0.5137056532223943 
两只手 0.001607717041800643 0.0009852216748768472 0.21267565755841303 
深刻 0.001607717041800643 0.0009852216748768472 0.21267565755841303 
曾经 0.001607717041800643 0.0009852216748768472 0.21267565755841303 
太短 0.0008038585209003215 0.002955665024630542 -0.5654755928252306 
材料 0.0008038585209003215 0.002955665024630542 -0.5654755928252306 
后 0.0008038585209003215 0.003940886699507389 -0.6904143294335305 
面对 0.0008038585209003215 0.0019704433497536944 -0.38938433376954934 
内容 0.012057877813504822 0.0049261083743842365 0.38876691661409424 
教学内容 0.003215434083601286 0.0009852216748768472 0.5137056532223943 
减 0.0008038585209003215 0.002955665024630542 -0.5654755928252306 
等待 0.0008038585209003215 0.0019704433497536944 -0.38938433376954934 
重复 0.0008038585209003215 0.0019704433497536944 -0.38938433376954934 
诗 0.001607717041800643 0.0009852216748768472 0.21267565755841303 
可 0.001607717041800643 0.0009852216748768472 0.21267565755841303 
而 0.001607717041800643 0.0009852216748768472 0.21267565755841303 
帮助 0.003215434083601286 0.0009852216748768472 0.5137056532223943 
学段 0.002411575562700965 0.0009852216748768472 0.38876691661409435 
语言 0.001607717041800643 0.0009852216748768472 0.21267565755841303 
积累 0.001607717041800643 0.0009852216748768472 0.21267565755841303 
关键 0.002411575562700965 0.0009852216748768472 0.38876691661409435 
拍 0.0008038585209003215 0.0019704433497536944 -0.38938433376954934 
问题 0.001607717041800643 0.0019704433497536944 -0.08835433810556817 
收费 0.0008038585209003215 0.0019704433497536944 -0.38938433376954934 
详细 0.002411575562700965 0.0019704433497536944 0.08773692095011314 
难度 0.002411575562700965 0.0019704433497536944 0.08773692095011314 
把握 0.0040192926045016075 0.0009852216748768472 0.6106156662304506 
下 0.0008038585209003215 0.0049261083743842365 -0.787324342441587 
作文 0.001607717041800643 0.0009852216748768472 0.21267565755841303 
对 0.003215434083601286 0.0009852216748768472 0.5137056532223943 
有 0.008842443729903537 0.0049261083743842365 0.2540683427166381 
实用性 0.008038585209003215 0.0009852216748768472 0.9116456618944319 
很实用 0.001607717041800643 0.0009852216748768472 0.21267565755841303 
将 0.002411575562700965 0.0009852216748768472 0.38876691661409435 
增强 0.001607717041800643 0.0009852216748768472 0.21267565755841303 
复习 0.001607717041800643 0.0009852216748768472 0.21267565755841303 
组 0.001607717041800643 0.0009852216748768472 0.21267565755841303 
字 0.0008038585209003215 0.0019704433497536944 -0.38938433376954934 
按 0.0008038585209003215 0.0019704433497536944 -0.38938433376954934 
厉害 0.001607717041800643 0.0009852216748768472 0.21267565755841303 
吸引 0.001607717041800643 0.0009852216748768472 0.21267565755841303 
关系 0.001607717041800643 0.0009852216748768472 0.21267565755841303 
不好 0.0008038585209003215 0.002955665024630542 -0.5654755928252306 
现象 0.0008038585209003215 0.0019704433497536944 -0.38938433376954934 
进一步 0.001607717041800643 0.0009852216748768472 0.21267565755841303 
快点 0.0008038585209003215 0.0019704433497536944 -0.38938433376954934 
支持 0.0008038585209003215 0.003940886699507389 -0.6904143294335305 
居然 0.0008038585209003215 0.0019704433497536944 -0.38938433376954934 
大爱 0.001607717041800643 0.0009852216748768472 0.21267565755841303 
呈现 0.001607717041800643 0.0009852216748768472 0.21267565755841303 
主次 0.002411575562700965 0.0009852216748768472 0.38876691661409435 
具体 0.001607717041800643 0.0009852216748768472 0.21267565755841303 
不是 0.0008038585209003215 0.003940886699507389 -0.6904143294335305 
字体 0.0008038585209003215 0.0019704433497536944 -0.38938433376954934 
放完 0.0008038585209003215 0.0019704433497536944 -0.38938433376954934 
试卷 0.0008038585209003215 0.0019704433497536944 -0.38938433376954934 
画 0.002411575562700965 0.0009852216748768472 0.38876691661409435 
课本 0.001607717041800643 0.0009852216748768472 0.21267565755841303 
空间 0.001607717041800643 0.0009852216748768472 0.21267565755841303 
书写 0.0008038585209003215 0.0019704433497536944 -0.38938433376954934 
纯真 0.0008038585209003215 0.0019704433497536944 -0.38938433376954934 
喜爱 0.001607717041800643 0.0009852216748768472 0.21267565755841303 
看 0.003215434083601286 0.0049261083743842365 -0.18526435111362458 
发 0.001607717041800643 0.0009852216748768472 0.21267565755841303 
速度 0.0008038585209003215 0.0019704433497536944 -0.38938433376954934 
全面 0.001607717041800643 0.0009852216748768472 0.21267565755841303 
已经 0.0008038585209003215 0.0019704433497536944 -0.38938433376954934 
目光 0.001607717041800643 0.0009852216748768472 0.21267565755841303 
分析 0.0008038585209003215 0.002955665024630542 -0.5654755928252306 
精彩 0.001607717041800643 0.0019704433497536944 -0.08835433810556817 
好丑 0.0008038585209003215 0.0019704433497536944 -0.38938433376954934 
般 0.0008038585209003215 0.0019704433497536944 -0.38938433376954934 
东西 0.0008038585209003215 0.002955665024630542 -0.5654755928252306 
屏幕 0.0008038585209003215 0.0019704433497536944 -0.38938433376954934 
比较式 0.001607717041800643 0.0009852216748768472 0.21267565755841303 
黑 0.0008038585209003215 0.0019704433497536944 -0.38938433376954934 
名著 0.0008038585209003215 0.0019704433497536944 -0.38938433376954934 
论文 0.001607717041800643 0.0009852216748768472 0.21267565755841303 
成 0.001607717041800643 0.0009852216748768472 0.21267565755841303 
还行 0.0008038585209003215 0.0019704433497536944 -0.38938433376954934 
不知道 0.0008038585209003215 0.0019704433497536944 -0.38938433376954934 
省市区 0.001607717041800643 0.0009852216748768472 0.21267565755841303 
除法 0.001607717041800643 0.0009852216748768472 0.21267565755841303 
题目 0.0008038585209003215 0.0019704433497536944 -0.38938433376954934 
狗 0.0008038585209003215 0.0019704433497536944 -0.38938433376954934 
引导 0.001607717041800643 0.0009852216748768472 0.21267565755841303 
天涯 0.001607717041800643 0.0009852216748768472 0.21267565755841303 
不太 0.0008038585209003215 0.0019704433497536944 -0.38938433376954934 
没 0.0008038585209003215 0.005911330049261084 -0.8665055884892119 
听 0.001607717041800643 0.0009852216748768472 0.21267565755841303 
查 0.001607717041800643 0.0009852216748768472 0.21267565755841303 
能力 0.001607717041800643 0.0009852216748768472 0.21267565755841303 
答案 0.0008038585209003215 0.003940886699507389 -0.6904143294335305 
津津有味 0.001607717041800643 0.0009852216748768472 0.21267565755841303 
观众 0.0008038585209003215 0.0019704433497536944 -0.38938433376954934 
太 0.0040192926045016075 0.005911330049261084 -0.16753558415319306 
听力稿 0.0008038585209003215 0.0019704433497536944 -0.38938433376954934 
交互性 0.001607717041800643 0.0009852216748768472 0.21267565755841303 
一直 0.0008038585209003215 0.0019704433497536944 -0.38938433376954934 
则 0.001607717041800643 0.0009852216748768472 0.21267565755841303 
符号 0.001607717041800643 0.0009852216748768472 0.21267565755841303 
进步 0.003215434083601286 0.0009852216748768472 0.5137056532223943 
羡慕 0.001607717041800643 0.0009852216748768472 0.21267565755841303 
值得 0.003215434083601286 0.0009852216748768472 0.5137056532223943 
身作 0.001607717041800643 0.0009852216748768472 0.21267565755841303 
传统 0.001607717041800643 0.0009852216748768472 0.21267565755841303 
预览 0.0008038585209003215 0.006896551724137931 -0.933452378119825 
操作性 0.001607717041800643 0.0009852216748768472 0.21267565755841303 
功夫 0.001607717041800643 0.0009852216748768472 0.21267565755841303 
笔 0.0008038585209003215 0.0019704433497536944 -0.38938433376954934 
小数 0.0008038585209003215 0.0019704433497536944 -0.38938433376954934 
指引 0.001607717041800643 0.0009852216748768472 0.21267565755841303 
打 0.0008038585209003215 0.005911330049261084 -0.8665055884892119 
课文 0.002411575562700965 0.0009852216748768472 0.38876691661409435 
不动 0.0008038585209003215 0.0019704433497536944 -0.38938433376954934 
桌面 0.0008038585209003215 0.0019704433497536944 -0.38938433376954934 
非常好 0.003215434083601286 0.0009852216748768472 0.5137056532223943 
长歌 0.001607717041800643 0.0009852216748768472 0.21267565755841303 
短文 0.001607717041800643 0.0009852216748768472 0.21267565755841303 
情感 0.003215434083601286 0.0009852216748768472 0.5137056532223943 
个人 0.0008038585209003215 0.0019704433497536944 -0.38938433376954934 
生动 0.005627009646302251 0.0009852216748768472 0.7567437019086887 
比较好 0.0008038585209003215 0.0019704433497536944 -0.38938433376954934 
使 0.001607717041800643 0.0009852216748768472 0.21267565755841303 
发挥 0.001607717041800643 0.0009852216748768472 0.21267565755841303 
错 0.0008038585209003215 0.002955665024630542 -0.5654755928252306 
真好 0.002411575562700965 0.0009852216748768472 0.38876691661409435 
都是 0.0008038585209003215 0.0019704433497536944 -0.38938433376954934 
适中点赞 0.001607717041800643 0.0009852216748768472 0.21267565755841303 
微课 0.001607717041800643 0.0019704433497536944 -0.08835433810556817 
英语 0.001607717041800643 0.0009852216748768472 0.21267565755841303 
就 0.0008038585209003215 0.003940886699507389 -0.6904143294335305 
从 0.001607717041800643 0.0009852216748768472 0.21267565755841303 
比较 0.0008038585209003215 0.0019704433497536944 -0.38938433376954934 
讨厌 0.0008038585209003215 0.0019704433497536944 -0.38938433376954934 
不错 0.0040192926045016075 0.0019704433497536944 0.30958567056646946 
备课 0.001607717041800643 0.0009852216748768472 0.21267565755841303 
一般 0.0008038585209003215 0.003940886699507389 -0.6904143294335305 
身临其境 0.001607717041800643 0.0009852216748768472 0.21267565755841303 
一剑 0.001607717041800643 0.0009852216748768472 0.21267565755841303 
以 0.001607717041800643 0.0009852216748768472 0.21267565755841303 
很好 0.011254019292604502 0.0049261083743842365 0.35880369323665107 
之间 0.0008038585209003215 0.0019704433497536944 -0.38938433376954934 
感受到 0.001607717041800643 0.0009852216748768472 0.21267565755841303 
学生 0.00482315112540193 0.0019704433497536944 0.38876691661409435 
可以 0.003215434083601286 0.0049261083743842365 -0.18526435111362458 
截选 0.0008038585209003215 0.0019704433497536944 -0.38938433376954934 
要求 0.003215434083601286 0.0019704433497536944 0.21267565755841303 
再 0.0008038585209003215 0.0019704433497536944 -0.38938433376954934 
加油 0.002411575562700965 0.0009852216748768472 0.38876691661409435 
海 0.001607717041800643 0.0009852216748768472 0.21267565755841303 
就是 0.002411575562700965 0.0049261083743842365 -0.3102030877219245 
有问题 0.0008038585209003215 0.0019704433497536944 -0.38938433376954934 
长 0.001607717041800643 0.0009852216748768472 0.21267565755841303 
多 0.001607717041800643 0.0009852216748768472 0.21267565755841303 
不能 0.0008038585209003215 0.006896551724137931 -0.933452378119825 
维度 0.002411575562700965 0.0009852216748768472 0.38876691661409435 
或 0.0008038585209003215 0.0019704433497536944 -0.38938433376954934 
兴趣 0.001607717041800643 0.0009852216748768472 0.21267565755841303 
简单 0.0008038585209003215 0.0019704433497536944 -0.38938433376954934 
好看 0.002411575562700965 0.0019704433497536944 0.08773692095011314 
下载 0.001607717041800643 0.013793103448275862 -0.933452378119825 
难点 0.003215434083601286 0.0009852216748768472 0.5137056532223943 
难 0.0008038585209003215 0.0049261083743842365 -0.787324342441587 
出 0.001607717041800643 0.0009852216748768472 0.21267565755841303 
效果 0.0008038585209003215 0.0019704433497536944 -0.38938433376954934 
起来 0.001607717041800643 0.0009852216748768472 0.21267565755841303 
仔细 0.002411575562700965 0.0009852216748768472 0.38876691661409435 
童年 0.0008038585209003215 0.0019704433497536944 -0.38938433376954934 
借用 0.001607717041800643 0.0009852216748768472 0.21267565755841303 
赞不绝口 0.001607717041800643 0.0009852216748768472 0.21267565755841303 
文字 0.002411575562700965 0.0019704433497536944 0.08773692095011314 
写出 0.001607717041800643 0.0009852216748768472 0.21267565755841303 
一个错误 0.0008038585209003215 0.0019704433497536944 -0.38938433376954934 
恰当 0.0008038585209003215 0.0019704433497536944 -0.38938433376954934 
一般般 0.0008038585209003215 0.0019704433497536944 -0.38938433376954934 
慢慢 0.0008038585209003215 0.0019704433497536944 -0.38938433376954934 
细致 0.002411575562700965 0.0009852216748768472 0.38876691661409435 
漂亮 0.002411575562700965 0.0009852216748768472 0.38876691661409435 
清晰 0.00482315112540193 0.0009852216748768472 0.6897969122780755 
一段时间 0.0008038585209003215 0.0019704433497536944 -0.38938433376954934 
明 0.001607717041800643 0.0009852216748768472 0.21267565755841303 
纯 0.0008038585209003215 0.0019704433497536944 -0.38938433376954934 
过去 0.0008038585209003215 0.0019704433497536944 -0.38938433376954934 
搞 0.001607717041800643 0.0009852216748768472 0.21267565755841303 
棒 0.008038585209003215 0.0009852216748768472 0.9116456618944319 
活到 0.001607717041800643 0.0009852216748768472 0.21267565755841303 
显示 0.0008038585209003215 0.0019704433497536944 -0.38938433376954934 
直观 0.0008038585209003215 0.0019704433497536944 -0.38938433376954934 
国 0.001607717041800643 0.0009852216748768472 0.21267565755841303 
易 0.001607717041800643 0.0009852216748768472 0.21267565755841303 
播放 0.0008038585209003215 0.0019704433497536944 -0.38938433376954934 
前面 0.0008038585209003215 0.002955665024630542 -0.5654755928252306 
打开 0.0008038585209003215 0.002955665024630542 -0.5654755928252306 
丰富 0.002411575562700965 0.0009852216748768472 0.38876691661409435 
说 0.001607717041800643 0.002955665024630542 -0.2644455971612495 
告诉 0.001607717041800643 0.0009852216748768472 0.21267565755841303 
讯 0.001607717041800643 0.0009852216748768472 0.21267565755841303 
观察 0.001607717041800643 0.0009852216748768472 0.21267565755841303 
辛勤 0.001607717041800643 0.0009852216748768472 0.21267565755841303 
良好 0.001607717041800643 0.0009852216748768472 0.21267565755841303 
明确 0.001607717041800643 0.0009852216748768472 0.21267565755841303 
坚持 0.001607717041800643 0.0009852216748768472 0.21267565755841303 
给 0.0008038585209003215 0.0019704433497536944 -0.38938433376954934 
很赞 0.001607717041800643 0.0009852216748768472 0.21267565755841303 
三年级 0.0008038585209003215 0.0019704433497536944 -0.38938433376954934 
到位 0.001607717041800643 0.0009852216748768472 0.21267565755841303 
配合 0.001607717041800643 0.0009852216748768472 0.21267565755841303 
授课 0.001607717041800643 0.0009852216748768472 0.21267565755841303 
文档 0.0008038585209003215 0.0019704433497536944 -0.38938433376954934 
来 0.0008038585209003215 0.0019704433497536944 -0.38938433376954934 
原创 0.001607717041800643 0.0009852216748768472 0.21267565755841303 
内 0.001607717041800643 0.0009852216748768472 0.21267565755841303 
对方 0.001607717041800643 0.0009852216748768472 0.21267565755841303 
旧 0.0008038585209003215 0.0019704433497536944 -0.38938433376954934 
看不懂 0.0008038585209003215 0.0019704433497536944 -0.38938433376954934 
差 0.0008038585209003215 0.0019704433497536944 -0.38938433376954934 
二维码 0.001607717041800643 0.0009852216748768472 0.21267565755841303 
太好了 0.001607717041800643 0.0009852216748768472 0.21267565755841303 
有待 0.0008038585209003215 0.0019704433497536944 -0.38938433376954934 
价值观 0.002411575562700965 0.0009852216748768472 0.38876691661409435 
错字 0.0008038585209003215 0.0019704433497536944 -0.38938433376954934 
带给 0.001607717041800643 0.0009852216748768472 0.21267565755841303 
手段 0.001607717041800643 0.0009852216748768472 0.21267565755841303 
更好 0.0008038585209003215 0.0019704433497536944 -0.38938433376954934 
直接 0.0008038585209003215 0.0049261083743842365 -0.787324342441587 
开阔眼界 0.001607717041800643 0.0009852216748768472 0.21267565755841303 
乘 0.0008038585209003215 0.0019704433497536944 -0.38938433376954934 
教案 0.001607717041800643 0.0009852216748768472 0.21267565755841303 
发邮件 0.0008038585209003215 0.0019704433497536944 -0.38938433376954934 
