等 0.0009074410163339383 0.0022522522522522522 -0.39479862440114644 
吸引 0.0018148820326678765 0.0011261261261261261 0.20726136692681596 
十全十美 0.0009074410163339383 0.0022522522522522522 -0.39479862440114644 
英语 0.0018148820326678765 0.0011261261261261261 0.20726136692681596 
乘 0.0009074410163339383 0.0022522522522522522 -0.39479862440114644 
速度 0.0009074410163339383 0.0022522522522522522 -0.39479862440114644 
难 0.0009074410163339383 0.00563063063063063 -0.792738633073184 
图片 0.0009074410163339383 0.0022522522522522522 -0.39479862440114644 
课堂 0.004537205081669692 0.0022522522522522522 0.3041713799348724 
让 0.003629764065335753 0.0022522522522522522 0.20726136692681596 
切实 0.0018148820326678765 0.0011261261261261261 0.20726136692681596 
正确 0.0018148820326678765 0.0011261261261261261 0.20726136692681596 
酒 0.0018148820326678765 0.0011261261261261261 0.20726136692681596 
后面 0.0009074410163339383 0.0022522522522522522 -0.39479862440114644 
写 0.004537205081669692 0.0033783783783783786 0.1280801208791911 
文章 0.0018148820326678765 0.0011261261261261261 0.20726136692681596 
加法 0.0009074410163339383 0.0022522522522522522 -0.39479862440114644 
三年级 0.0009074410163339383 0.0022522522522522522 -0.39479862440114644 
强 0.013611615245009074 0.0011261261261261261 1.082322630318516 
生动 0.006352087114337568 0.0011261261261261261 0.7513294112770916 
黑屏 0.0009074410163339383 0.0033783783783783786 -0.5708898834568277 
实际 0.0027223230490018148 0.0011261261261261261 0.38335262598249714 
使 0.0018148820326678765 0.0011261261261261261 0.20726136692681596 
身临其境 0.0018148820326678765 0.0011261261261261261 0.20726136692681596 
咋回事 0.0009074410163339383 0.0022522522522522522 -0.39479862440114644 
易 0.0018148820326678765 0.0011261261261261261 0.20726136692681596 
清楚 0.0009074410163339383 0.0022522522522522522 -0.39479862440114644 
良好 0.0018148820326678765 0.0011261261261261261 0.20726136692681596 
呈现 0.0018148820326678765 0.0011261261261261261 0.20726136692681596 
出现 0.0009074410163339383 0.0022522522522522522 -0.39479862440114644 
大 0.0009074410163339383 0.0022522522522522522 -0.39479862440114644 
观众 0.0009074410163339383 0.0022522522522522522 -0.39479862440114644 
转化 0.0018148820326678765 0.0011261261261261261 0.20726136692681596 
付出 0.0018148820326678765 0.0011261261261261261 0.20726136692681596 
深刻 0.0018148820326678765 0.0011261261261261261 0.20726136692681596 
创造 0.0018148820326678765 0.0011261261261261261 0.20726136692681596 
日 0.0009074410163339383 0.0022522522522522522 -0.39479862440114644 
操作 0.0027223230490018148 0.0011261261261261261 0.38335262598249714 
直观 0.0009074410163339383 0.0022522522522522522 -0.39479862440114644 
小数 0.0009074410163339383 0.0022522522522522522 -0.39479862440114644 
慢 0.0009074410163339383 0.0045045045045045045 -0.6958286200651276 
拍 0.0009074410163339383 0.0022522522522522522 -0.39479862440114644 
情况 0.0009074410163339383 0.0022522522522522522 -0.39479862440114644 
结构 0.0027223230490018148 0.0011261261261261261 0.38335262598249714 
并 0.0018148820326678765 0.0011261261261261261 0.20726136692681596 
东西 0.0009074410163339383 0.0033783783783783786 -0.5708898834568277 
点 0.0009074410163339383 0.00563063063063063 -0.792738633073184 
重复 0.0009074410163339383 0.0022522522522522522 -0.39479862440114644 
老师 0.010889292196007259 0.0022522522522522522 0.6843826216464783 
目标 0.0018148820326678765 0.0011261261261261261 0.20726136692681596 
积累 0.0018148820326678765 0.0011261261261261261 0.20726136692681596 
回去 0.0018148820326678765 0.0011261261261261261 0.20726136692681596 
做 0.006352087114337568 0.0033783783783783786 0.2742081565574292 
不会 0.0009074410163339383 0.0022522522522522522 -0.39479862440114644 
说好 0.0009074410163339383 0.0022522522522522522 -0.39479862440114644 
简洁 0.0027223230490018148 0.0011261261261261261 0.38335262598249714 
不是 0.0009074410163339383 0.0045045045045045045 -0.6958286200651276 
支持 0.0009074410163339383 0.0033783783783783786 -0.5708898834568277 
请问 0.0018148820326678765 0.0011261261261261261 0.20726136692681596 
鄂教版 0.0009074410163339383 0.0033783783783783786 -0.5708898834568277 
组 0.0018148820326678765 0.0011261261261261261 0.20726136692681596 
空间 0.0018148820326678765 0.0011261261261261261 0.20726136692681596 
天涯 0.0018148820326678765 0.0011261261261261261 0.20726136692681596 
重 0.0027223230490018148 0.0011261261261261261 0.38335262598249714 
联系 0.0018148820326678765 0.0011261261261261261 0.20726136692681596 
四年级 0.0009074410163339383 0.0022522522522522522 -0.39479862440114644 
还有 0.0018148820326678765 0.0011261261261261261 0.20726136692681596 
地图 0.0018148820326678765 0.0011261261261261261 0.20726136692681596 
非常好 0.003629764065335753 0.0011261261261261261 0.5082913625907972 
既然 0.0009074410163339383 0.0022522522522522522 -0.39479862440114644 
查 0.0018148820326678765 0.0011261261261261261 0.20726136692681596 
充实 0.007259528130671506 0.0011261261261261261 0.8093213582547784 
最好 0.0009074410163339383 0.0022522522522522522 -0.39479862440114644 
辛勤 0.0018148820326678765 0.0011261261261261261 0.20726136692681596 
空白 0.0009074410163339383 0.0022522522522522522 -0.39479862440114644 
文本 0.0018148820326678765 0.0011261261261261261 0.20726136692681596 
提高 0.0027223230490018148 0.0011261261261261261 0.38335262598249714 
条理 0.0027223230490018148 0.0011261261261261261 0.38335262598249714 
减 0.0009074410163339383 0.0033783783783783786 -0.5708898834568277 
一定要 0.0018148820326678765 0.0011261261261261261 0.20726136692681596 
作文 0.0018148820326678765 0.0011261261261261261 0.20726136692681596 
就好 0.0009074410163339383 0.0033783783783783786 -0.5708898834568277 
感受到 0.0018148820326678765 0.0011261261261261261 0.20726136692681596 
不能 0.0009074410163339383 0.007882882882882882 -0.938866668751422 
要求 0.0027223230490018148 0.0022522522522522522 0.08232263031851597 
很大 0.0018148820326678765 0.0011261261261261261 0.20726136692681596 
推荐 0.0009074410163339383 0.0022522522522522522 -0.39479862440114644 
应该 0.0009074410163339383 0.0022522522522522522 -0.39479862440114644 
看 0.003629764065335753 0.00563063063063063 -0.1906786417452216 
人 0.0009074410163339383 0.0022522522522522522 -0.39479862440114644 
无敌 0.0009074410163339383 0.0022522522522522522 -0.39479862440114644 
没有 0.0009074410163339383 0.01126126126126126 -1.0937686287371653 
个位 0.0009074410163339383 0.0022522522522522522 -0.39479862440114644 
丰富 0.0018148820326678765 0.0011261261261261261 0.20726136692681596 
情境 0.0018148820326678765 0.0011261261261261261 0.20726136692681596 
坚持 0.0018148820326678765 0.0011261261261261261 0.20726136692681596 
失去 0.0009074410163339383 0.0045045045045045045 -0.6958286200651276 
从 0.0018148820326678765 0.0011261261261261261 0.20726136692681596 
没 0.0009074410163339383 0.006756756756756757 -0.8719198791208089 
羡慕 0.0018148820326678765 0.0011261261261261261 0.20726136692681596 
把 0.0009074410163339383 0.0022522522522522522 -0.39479862440114644 
值得 0.003629764065335753 0.0011261261261261261 0.5082913625907972 
以 0.0018148820326678765 0.0011261261261261261 0.20726136692681596 
分享 0.004537205081669692 0.0011261261261261261 0.6052013755988536 
原创 0.0018148820326678765 0.0011261261261261261 0.20726136692681596 
将 0.0027223230490018148 0.0011261261261261261 0.38335262598249714 
继续 0.0018148820326678765 0.0011261261261261261 0.20726136692681596 
挺好 0.0009074410163339383 0.0022522522522522522 -0.39479862440114644 
意义 0.0018148820326678765 0.0011261261261261261 0.20726136692681596 
力 0.0018148820326678765 0.0011261261261261261 0.20726136692681596 
利用 0.0018148820326678765 0.0022522522522522522 -0.09376862873716524 
讯 0.0018148820326678765 0.0011261261261261261 0.20726136692681596 
方便 0.0018148820326678765 0.0011261261261261261 0.20726136692681596 
损坏 0.0009074410163339383 0.0022522522522522522 -0.39479862440114644 
美 0.0018148820326678765 0.0011261261261261261 0.20726136692681596 
部分 0.0009074410163339383 0.0022522522522522522 -0.39479862440114644 
屏幕 0.0009074410163339383 0.0022522522522522522 -0.39479862440114644 
截选 0.0009074410163339383 0.0022522522522522522 -0.39479862440114644 
进 0.0009074410163339383 0.0022522522522522522 -0.39479862440114644 
真好 0.0027223230490018148 0.0011261261261261261 0.38335262598249714 
对 0.003629764065335753 0.0011261261261261261 0.5082913625907972 
方向 0.0018148820326678765 0.0011261261261261261 0.20726136692681596 
紧凑 0.0027223230490018148 0.0011261261261261261 0.38335262598249714 
太短 0.0009074410163339383 0.0033783783783783786 -0.5708898834568277 
关键 0.0027223230490018148 0.0011261261261261261 0.38335262598249714 
错位 0.0009074410163339383 0.0022522522522522522 -0.39479862440114644 
详细 0.0018148820326678765 0.0022522522522522522 -0.09376862873716524 
学习 0.018148820326678767 0.0022522522522522522 0.9062313712628348 
价值观 0.0027223230490018148 0.0011261261261261261 0.38335262598249714 
云 0.0009074410163339383 0.0022522522522522522 -0.39479862440114644 
好棒 0.0018148820326678765 0.0011261261261261261 0.20726136692681596 
相长 0.0018148820326678765 0.0011261261261261261 0.20726136692681596 
情感 0.003629764065335753 0.0011261261261261261 0.5082913625907972 
与 0.006352087114337568 0.0011261261261261261 0.7513294112770916 
班级 0.0018148820326678765 0.0011261261261261261 0.20726136692681596 
小学 0.0009074410163339383 0.0022522522522522522 -0.39479862440114644 
下来 0.0009074410163339383 0.0033783783783783786 -0.5708898834568277 
去 0.0009074410163339383 0.0022522522522522522 -0.39479862440114644 
写出 0.0018148820326678765 0.0011261261261261261 0.20726136692681596 
复习 0.0018148820326678765 0.0011261261261261261 0.20726136692681596 
有没有 0.0018148820326678765 0.0022522522522522522 -0.09376862873716524 
讲 0.0018148820326678765 0.0022522522522522522 -0.09376862873716524 
中学 0.0009074410163339383 0.0022522522522522522 -0.39479862440114644 
个人 0.0009074410163339383 0.0022522522522522522 -0.39479862440114644 
兴趣 0.0018148820326678765 0.0011261261261261261 0.20726136692681596 
之间 0.0009074410163339383 0.0022522522522522522 -0.39479862440114644 
而 0.0018148820326678765 0.0011261261261261261 0.20726136692681596 
有问题 0.0009074410163339383 0.0022522522522522522 -0.39479862440114644 
难度 0.0027223230490018148 0.0022522522522522522 0.08232263031851597 
合理 0.0027223230490018148 0.0011261261261261261 0.38335262598249714 
垃圾 0.0009074410163339383 0.0045045045045045045 -0.6958286200651276 
危险 0.0009074410163339383 0.0022522522522522522 -0.39479862440114644 
一剑 0.0018148820326678765 0.0011261261261261261 0.20726136692681596 
准备 0.0027223230490018148 0.0011261261261261261 0.38335262598249714 
文件 0.0009074410163339383 0.0022522522522522522 -0.39479862440114644 
感觉 0.0018148820326678765 0.0033783783783783786 -0.26985988779284653 
重点 0.0027223230490018148 0.0022522522522522522 0.08232263031851597 
可是 0.0009074410163339383 0.0022522522522522522 -0.39479862440114644 
不错 0.004537205081669692 0.0022522522522522522 0.3041713799348724 
还行 0.0009074410163339383 0.0022522522522522522 -0.39479862440114644 
预览 0.0009074410163339383 0.007882882882882882 -0.938866668751422 
漂亮 0.0018148820326678765 0.0011261261261261261 0.20726136692681596 
视觉 0.0018148820326678765 0.0011261261261261261 0.20726136692681596 
关系 0.0018148820326678765 0.0011261261261261261 0.20726136692681596 
畅读 0.0018148820326678765 0.0011261261261261261 0.20726136692681596 
传统 0.0018148820326678765 0.0011261261261261261 0.20726136692681596 
为 0.0018148820326678765 0.0011261261261261261 0.20726136692681596 
按 0.0009074410163339383 0.0022522522522522522 -0.39479862440114644 
喜欢 0.0018148820326678765 0.0011261261261261261 0.20726136692681596 
就要 0.0009074410163339383 0.0022522522522522522 -0.39479862440114644 
开 0.0009074410163339383 0.00563063063063063 -0.792738633073184 
互动性 0.003629764065335753 0.0011261261261261261 0.5082913625907972 
指引 0.0018148820326678765 0.0011261261261261261 0.20726136692681596 
清晰 0.0054446460980036296 0.0011261261261261261 0.6843826216464783 
都是 0.0009074410163339383 0.0022522522522522522 -0.39479862440114644 
六年级 0.0009074410163339383 0.0022522522522522522 -0.39479862440114644 
感受 0.0018148820326678765 0.0022522522522522522 -0.09376862873716524 
错 0.0009074410163339383 0.0033783783783783786 -0.5708898834568277 
快乐 0.0009074410163339383 0.0022522522522522522 -0.39479862440114644 
谢谢 0.008166969147005444 0.0011261261261261261 0.8604738807021596 
学段 0.0027223230490018148 0.0011261261261261261 0.38335262598249714 
体会 0.0027223230490018148 0.0011261261261261261 0.38335262598249714 
课本 0.0018148820326678765 0.0011261261261261261 0.20726136692681596 
问题 0.0018148820326678765 0.0022522522522522522 -0.09376862873716524 
孩子 0.003629764065335753 0.0033783783783783786 0.03117010787113466 
授课 0.0018148820326678765 0.0011261261261261261 0.20726136692681596 
差 0.0009074410163339383 0.0022522522522522522 -0.39479862440114644 
操作性 0.0018148820326678765 0.0011261261261261261 0.20726136692681596 
精 0.0018148820326678765 0.0011261261261261261 0.20726136692681596 
名著 0.0009074410163339383 0.0022522522522522522 -0.39479862440114644 
短 0.0009074410163339383 0.0022522522522522522 -0.39479862440114644 
特点 0.0018148820326678765 0.0011261261261261261 0.20726136692681596 
字体 0.0009074410163339383 0.0022522522522522522 -0.39479862440114644 
现代 0.0018148820326678765 0.0011261261261261261 0.20726136692681596 
繁琐 0.0009074410163339383 0.0022522522522522522 -0.39479862440114644 
听觉 0.0018148820326678765 0.0011261261261261261 0.20726136692681596 
这首诗 0.0018148820326678765 0.0011261261261261261 0.20726136692681596 
分类 0.0018148820326678765 0.0011261261261261261 0.20726136692681596 
韵意 0.0018148820326678765 0.0011261261261261261 0.20726136692681596 
说 0.0018148820326678765 0.0033783783783783786 -0.26985988779284653 
简单 0.0009074410163339383 0.0022522522522522522 -0.39479862440114644 
文字 0.0027223230490018148 0.0022522522522522522 0.08232263031851597 
收费 0.0009074410163339383 0.0022522522522522522 -0.39479862440114644 
相乘 0.0009074410163339383 0.0022522522522522522 -0.39479862440114644 
用 0.0027223230490018148 0.007882882882882882 -0.4617454140317596 
真棒 0.0018148820326678765 0.0011261261261261261 0.20726136692681596 
材料 0.0009074410163339383 0.0033783783783783786 -0.5708898834568277 
一个错误 0.0009074410163339383 0.0022522522522522522 -0.39479862440114644 
海 0.0018148820326678765 0.0011261261261261261 0.20726136692681596 
交流 0.0018148820326678765 0.0011261261261261261 0.20726136692681596 
教案 0.0018148820326678765 0.0011261261261261261 0.20726136692681596 
余数 0.0018148820326678765 0.0011261261261261261 0.20726136692681596 
教材 0.0027223230490018148 0.0011261261261261261 0.38335262598249714 
黑 0.0009074410163339383 0.0022522522522522522 -0.39479862440114644 
棒 0.009074410163339383 0.0011261261261261261 0.9062313712628348 
谈话 0.0018148820326678765 0.0011261261261261261 0.20726136692681596 
请 0.0009074410163339383 0.0022522522522522522 -0.39479862440114644 
衔接 0.0027223230490018148 0.0011261261261261261 0.38335262598249714 
错字 0.0009074410163339383 0.0022522522522522522 -0.39479862440114644 
长歌 0.0018148820326678765 0.0011261261261261261 0.20726136692681596 
纯 0.0009074410163339383 0.0022522522522522522 -0.39479862440114644 
上 0.0018148820326678765 0.0045045045045045045 -0.39479862440114644 
手段 0.0018148820326678765 0.0011261261261261261 0.20726136692681596 
喜爱 0.0018148820326678765 0.0011261261261261261 0.20726136692681596 
精品 0.0018148820326678765 0.0011261261261261261 0.20726136692681596 
有 0.009981851179673321 0.00563063063063063 0.24865405208504102 
音频 0.0009074410163339383 0.0033783783783783786 -0.5708898834568277 
语言 0.0018148820326678765 0.0011261261261261261 0.20726136692681596 
分子 0.0009074410163339383 0.0022522522522522522 -0.39479862440114644 
到位 0.0018148820326678765 0.0011261261261261261 0.20726136692681596 
开展 0.0018148820326678765 0.0011261261261261261 0.20726136692681596 
明确 0.0018148820326678765 0.0011261261261261261 0.20726136692681596 
弄 0.0009074410163339383 0.0022522522522522522 -0.39479862440114644 
比较好 0.0009074410163339383 0.0022522522522522522 -0.39479862440114644 
很赞 0.0018148820326678765 0.0011261261261261261 0.20726136692681596 
主次 0.0027223230490018148 0.0011261261261261261 0.38335262598249714 
现象 0.0009074410163339383 0.0022522522522522522 -0.39479862440114644 
颜色 0.0018148820326678765 0.0011261261261261261 0.20726136692681596 
转换 0.0009074410163339383 0.0022522522522522522 -0.39479862440114644 
前面 0.0009074410163339383 0.0033783783783783786 -0.5708898834568277 
起来 0.0018148820326678765 0.0011261261261261261 0.20726136692681596 
经历 0.0018148820326678765 0.0011261261261261261 0.20726136692681596 
地址 0.0009074410163339383 0.0022522522522522522 -0.39479862440114644 
很好 0.010889292196007259 0.00563063063063063 0.2864426129744408 
答案 0.0009074410163339383 0.0045045045045045045 -0.6958286200651276 
要 0.0027223230490018148 0.0045045045045045045 -0.21870736534546523 
效率 0.0027223230490018148 0.0011261261261261261 0.38335262598249714 
般 0.0009074410163339383 0.0022522522522522522 -0.39479862440114644 
精彩 0.0018148820326678765 0.0022522522522522522 -0.09376862873716524 
恰当 0.0009074410163339383 0.0022522522522522522 -0.39479862440114644 
时间 0.0009074410163339383 0.0022522522522522522 -0.39479862440114644 
很实用 0.0018148820326678765 0.0011261261261261261 0.20726136692681596 
花脸 0.0018148820326678765 0.0011261261261261261 0.20726136692681596 
充 0.0018148820326678765 0.0011261261261261261 0.20726136692681596 
具体 0.0018148820326678765 0.0011261261261261261 0.20726136692681596 
但是 0.0009074410163339383 0.0045045045045045045 -0.6958286200651276 
等待 0.0009074410163339383 0.0022522522522522522 -0.39479862440114644 
版本 0.0009074410163339383 0.0022522522522522522 -0.39479862440114644 
观察 0.0018148820326678765 0.0011261261261261261 0.20726136692681596 
交互性 0.0018148820326678765 0.0011261261261261261 0.20726136692681596 
面具 0.0018148820326678765 0.0011261261261261261 0.20726136692681596 
少 0.0009074410163339383 0.0033783783783783786 -0.5708898834568277 
作 0.0018148820326678765 0.0011261261261261261 0.20726136692681596 
可 0.0018148820326678765 0.0011261261261261261 0.20726136692681596 
会 0.0009074410163339383 0.0022522522522522522 -0.39479862440114644 
分析 0.0009074410163339383 0.0033783783783783786 -0.5708898834568277 
激发 0.0018148820326678765 0.0011261261261261261 0.20726136692681596 
下为 0.0018148820326678765 0.0011261261261261261 0.20726136692681596 
放完 0.0009074410163339383 0.0022522522522522522 -0.39479862440114644 
效果好 0.0018148820326678765 0.0011261261261261261 0.20726136692681596 
播放 0.0009074410163339383 0.0022522522522522522 -0.39479862440114644 
教育 0.0009074410163339383 0.0022522522522522522 -0.39479862440114644 
好 0.007259528130671506 0.007882882882882882 -0.03577668175947843 
能 0.0009074410163339383 0.0033783783783783786 -0.5708898834568277 
诗歌 0.0018148820326678765 0.0011261261261261261 0.20726136692681596 
全面 0.0018148820326678765 0.0011261261261261261 0.20726136692681596 
应 0.0009074410163339383 0.0022522522522522522 -0.39479862440114644 
厉害 0.0018148820326678765 0.0011261261261261261 0.20726136692681596 
视频 0.0027223230490018148 0.0045045045045045045 -0.21870736534546523 
有点 0.0009074410163339383 0.006756756756756757 -0.8719198791208089 
效果 0.0009074410163339383 0.0022522522522522522 -0.39479862440114644 
发邮件 0.0009074410163339383 0.0022522522522522522 -0.39479862440114644 
新颖 0.003629764065335753 0.0011261261261261261 0.5082913625907972 
浪费 0.0009074410163339383 0.0022522522522522522 -0.39479862440114644 
后 0.0009074410163339383 0.0045045045045045045 -0.6958286200651276 
趣味性 0.003629764065335753 0.0011261261261261261 0.5082913625907972 
符号 0.0018148820326678765 0.0011261261261261261 0.20726136692681596 
成 0.0018148820326678765 0.0011261261261261261 0.20726136692681596 
大爱 0.0018148820326678765 0.0011261261261261261 0.20726136692681596 
打 0.0009074410163339383 0.006756756756756757 -0.8719198791208089 
下 0.0009074410163339383 0.00563063063063063 -0.792738633073184 
尊重 0.0018148820326678765 0.0011261261261261261 0.20726136692681596 
微课 0.0018148820326678765 0.0022522522522522522 -0.09376862873716524 
增强 0.0018148820326678765 0.0011261261261261261 0.20726136692681596 
风筝 0.0009074410163339383 0.0033783783783783786 -0.5708898834568277 
找 0.0009074410163339383 0.0022522522522522522 -0.39479862440114644 
二维码 0.0018148820326678765 0.0011261261261261261 0.20726136692681596 
信息技术 0.004537205081669692 0.0011261261261261261 0.6052013755988536 
说得好 0.0018148820326678765 0.0011261261261261261 0.20726136692681596 
配合 0.0018148820326678765 0.0011261261261261261 0.20726136692681596 
适中点赞 0.0018148820326678765 0.0011261261261261261 0.20726136692681596 
花 0.0009074410163339383 0.0022522522522522522 -0.39479862440114644 
读 0.0009074410163339383 0.0022522522522522522 -0.39479862440114644 
平台 0.0009074410163339383 0.0022522522522522522 -0.39479862440114644 
推广 0.0018148820326678765 0.0011261261261261261 0.20726136692681596 
一般 0.0009074410163339383 0.0045045045045045045 -0.6958286200651276 
作者 0.0018148820326678765 0.0011261261261261261 0.20726136692681596 
思维 0.0027223230490018148 0.0011261261261261261 0.38335262598249714 
共享 0.0018148820326678765 0.0011261261261261261 0.20726136692681596 
管理 0.0018148820326678765 0.0011261261261261261 0.20726136692681596 
强大 0.0018148820326678765 0.0011261261261261261 0.20726136692681596 
把握 0.004537205081669692 0.0011261261261261261 0.6052013755988536 
特殊 0.0009074410163339383 0.0022522522522522522 -0.39479862440114644 
发 0.0018148820326678765 0.0011261261261261261 0.20726136692681596 
打开 0.0009074410163339383 0.0033783783783783786 -0.5708898834568277 
解释 0.0009074410163339383 0.0022522522522522522 -0.39479862440114644 
桌面 0.0009074410163339383 0.0022522522522522522 -0.39479862440114644 
难点 0.003629764065335753 0.0011261261261261261 0.5082913625907972 
相结合 0.0018148820326678765 0.0011261261261261261 0.20726136692681596 
老 0.0027223230490018148 0.0011261261261261261 0.38335262598249714 
精巧 0.0018148820326678765 0.0011261261261261261 0.20726136692681596 
来 0.0009074410163339383 0.0022522522522522522 -0.39479862440114644 
看不到 0.0009074410163339383 0.009009009009009009 -0.9968586157291088 
看不懂 0.0009074410163339383 0.0022522522522522522 -0.39479862440114644 
或 0.0009074410163339383 0.0022522522522522522 -0.39479862440114644 
累 0.0009074410163339383 0.0022522522522522522 -0.39479862440114644 
实录 0.0009074410163339383 0.0022522522522522522 -0.39479862440114644 
高中生 0.0009074410163339383 0.0022522522522522522 -0.39479862440114644 
一段时间 0.0009074410163339383 0.0022522522522522522 -0.39479862440114644 
念题 0.0009074410163339383 0.0022522522522522522 -0.39479862440114644 
非常棒 0.0018148820326678765 0.0011261261261261261 0.20726136692681596 
加 0.0009074410163339383 0.0022522522522522522 -0.39479862440114644 
眼睛 0.0018148820326678765 0.0011261261261261261 0.20726136692681596 
板书 0.0009074410163339383 0.0022522522522522522 -0.39479862440114644 
讨厌 0.0009074410163339383 0.0022522522522522522 -0.39479862440114644 
画 0.0027223230490018148 0.0011261261261261261 0.38335262598249714 
表现 0.0018148820326678765 0.0011261261261261261 0.20726136692681596 
童年 0.0009074410163339383 0.0022522522522522522 -0.39479862440114644 
学生 0.0054446460980036296 0.0022522522522522522 0.38335262598249714 
奥妙 0.0018148820326678765 0.0011261261261261261 0.20726136692681596 
下载 0.0018148820326678765 0.015765765765765764 -0.938866668751422 
时候 0.0009074410163339383 0.0022522522522522522 -0.39479862440114644 
课件 0.004537205081669692 0.007882882882882882 -0.23989666441540314 
减法 0.0009074410163339383 0.0022522522522522522 -0.39479862440114644 
适合 0.0009074410163339383 0.0022522522522522522 -0.39479862440114644 
借鉴 0.0018148820326678765 0.0011261261261261261 0.20726136692681596 
一堂课 0.0018148820326678765 0.0011261261261261261 0.20726136692681596 
很不错 0.0027223230490018148 0.0022522522522522522 0.08232263031851597 
纯真 0.0009074410163339383 0.0022522522522522522 -0.39479862440114644 
听 0.0018148820326678765 0.0011261261261261261 0.20726136692681596 
在 0.003629764065335753 0.0033783783783783786 0.03117010787113466 
踩 0.0009074410163339383 0.0022522522522522522 -0.39479862440114644 
代替 0.0009074410163339383 0.0022522522522522522 -0.39479862440114644 
注意力 0.0018148820326678765 0.0011261261261261261 0.20726136692681596 
国 0.0018148820326678765 0.0011261261261261261 0.20726136692681596 
不言而喻 0.0018148820326678765 0.0011261261261261261 0.20726136692681596 
面对 0.0009074410163339383 0.0022522522522522522 -0.39479862440114644 
出 0.0018148820326678765 0.0011261261261261261 0.20726136692681596 
好漂亮 0.0018148820326678765 0.0011261261261261261 0.20726136692681596 
活到 0.0018148820326678765 0.0011261261261261261 0.20726136692681596 
思路 0.004537205081669692 0.0022522522522522522 0.3041713799348724 
应用 0.003629764065335753 0.0011261261261261261 0.5082913625907972 
真诚 0.0027223230490018148 0.0011261261261261261 0.38335262598249714 
符合 0.0027223230490018148 0.0011261261261261261 0.38335262598249714 
细致 0.0027223230490018148 0.0011261261261261261 0.38335262598249714 
明 0.0018148820326678765 0.0011261261261261261 0.20726136692681596 
搞 0.0018148820326678765 0.0011261261261261261 0.20726136692681596 
迷路 0.0009074410163339383 0.0022522522522522522 -0.39479862440114644 
仔细 0.0027223230490018148 0.0011261261261261261 0.38335262598249714 
理解 0.0018148820326678765 0.0011261261261261261 0.20726136692681596 
阅读 0.0018148820326678765 0.0022522522522522522 -0.09376862873716524 
就是 0.0027223230490018148 0.00563063063063063 -0.3156173783535216 
精美 0.003629764065335753 0.0011261261261261261 0.5082913625907972 
集合 0.0018148820326678765 0.0011261261261261261 0.20726136692681596 
字 0.0009074410163339383 0.0022522522522522522 -0.39479862440114644 
实用 0.003629764065335753 0.0011261261261261261 0.5082913625907972 
抓住 0.0027223230490018148 0.0011261261261261261 0.38335262598249714 
信息 0.0027223230490018148 0.0011261261261261261 0.38335262598249714 
书写 0.0009074410163339383 0.0022522522522522522 -0.39479862440114644 
简捷点 0.0009074410163339383 0.0022522522522522522 -0.39479862440114644 
对方 0.0018148820326678765 0.0011261261261261261 0.20726136692681596 
精彩纷呈 0.0018148820326678765 0.0011261261261261261 0.20726136692681596 
还不错 0.0018148820326678765 0.0011261261261261261 0.20726136692681596 
戏曲 0.0018148820326678765 0.0011261261261261261 0.20726136692681596 
听力稿 0.0009074410163339383 0.0022522522522522522 -0.39479862440114644 
真不错 0.0027223230490018148 0.0011261261261261261 0.38335262598249714 
过程 0.0027223230490018148 0.0011261261261261261 0.38335262598249714 
帮助 0.003629764065335753 0.0011261261261261261 0.5082913625907972 
和 0.0054446460980036296 0.0022522522522522522 0.38335262598249714 
知识 0.0027223230490018148 0.0011261261261261261 0.38335262598249714 
加载 0.0009074410163339383 0.0022522522522522522 -0.39479862440114644 
小数点 0.0009074410163339383 0.0022522522522522522 -0.39479862440114644 
设计 0.0018148820326678765 0.0011261261261261261 0.20726136692681596 
旧 0.0009074410163339383 0.0022522522522522522 -0.39479862440114644 
目光 0.0018148820326678765 0.0011261261261261261 0.20726136692681596 
容量 0.0009074410163339383 0.0022522522522522522 -0.39479862440114644 
维度 0.0027223230490018148 0.0011261261261261261 0.38335262598249714 
优秀 0.0018148820326678765 0.0011261261261261261 0.20726136692681596 
看着 0.0018148820326678765 0.0011261261261261261 0.20726136692681596 
开余 0.0009074410163339383 0.0022522522522522522 -0.39479862440114644 
有待 0.0009074410163339383 0.0022522522522522522 -0.39479862440114644 
有趣 0.004537205081669692 0.0011261261261261261 0.6052013755988536 
时 0.0027223230490018148 0.0011261261261261261 0.38335262598249714 
好丑 0.0009074410163339383 0.0022522522522522522 -0.39479862440114644 
给 0.0009074410163339383 0.0022522522522522522 -0.39479862440114644 
听众 0.0018148820326678765 0.0011261261261261261 0.20726136692681596 
发展 0.0018148820326678765 0.0011261261261261261 0.20726136692681596 
生活 0.0018148820326678765 0.0011261261261261261 0.20726136692681596 
笔 0.0009074410163339383 0.0022522522522522522 -0.39479862440114644 
麻烦 0.0009074410163339383 0.0022522522522522522 -0.39479862440114644 
不一样 0.0009074410163339383 0.0022522522522522522 -0.39479862440114644 
成熟 0.0018148820326678765 0.0011261261261261261 0.20726136692681596 
狗 0.0009074410163339383 0.0022522522522522522 -0.39479862440114644 
资源 0.004537205081669692 0.0045045045045045045 0.0031413842708912063 
干嘛 0.0009074410163339383 0.0022522522522522522 -0.39479862440114644 
能力 0.0018148820326678765 0.0011261261261261261 0.20726136692681596 
作用 0.0027223230490018148 0.0011261261261261261 0.38335262598249714 
实用性 0.008166969147005444 0.0011261261261261261 0.8604738807021596 
课文 0.0027223230490018148 0.0011261261261261261 0.38335262598249714 
等式 0.0018148820326678765 0.0011261261261261261 0.20726136692681596 
小 0.0018148820326678765 0.0011261261261261261 0.20726136692681596 
勉强 0.0009074410163339383 0.0022522522522522522 -0.39479862440114644 
抽象 0.0027223230490018148 0.0011261261261261261 0.38335262598249714 
不动 0.0009074410163339383 0.0022522522522522522 -0.39479862440114644 
分 0.0018148820326678765 0.0011261261261261261 0.20726136692681596 
津津有味 0.0018148820326678765 0.0011261261261261261 0.20726136692681596 
可以 0.003629764065335753 0.00563063063063063 -0.1906786417452216 
上传 0.0009074410163339383 0.0033783783783783786 -0.5708898834568277 
两只手 0.0018148820326678765 0.0011261261261261261 0.20726136692681596 
带给 0.0018148820326678765 0.0011261261261261261 0.20726136692681596 
身作 0.0018148820326678765 0.0011261261261261261 0.20726136692681596 
受益 0.0018148820326678765 0.0011261261261261261 0.20726136692681596 
突破 0.0018148820326678765 0.0011261261261261261 0.20726136692681596 
诗 0.0018148820326678765 0.0011261261261261261 0.20726136692681596 
除法 0.0018148820326678765 0.0011261261261261261 0.20726136692681596 
失败 0.0009074410163339383 0.0022522522522522522 -0.39479862440114644 
方程 0.006352087114337568 0.0011261261261261261 0.7513294112770916 
教学 0.012704174228675136 0.0011261261261261261 1.0523594069410729 
不知道 0.0009074410163339383 0.0022522522522522522 -0.39479862440114644 
文档 0.0009074410163339383 0.0022522522522522522 -0.39479862440114644 
准确 0.003629764065335753 0.0011261261261261261 0.5082913625907972 
用心 0.0027223230490018148 0.0011261261261261261 0.38335262598249714 
是不是 0.0009074410163339383 0.0022522522522522522 -0.39479862440114644 
内 0.0018148820326678765 0.0011261261261261261 0.20726136692681596 
中 0.0054446460980036296 0.0033783783783783786 0.2072613669268159 
试卷 0.0009074410163339383 0.0022522522522522522 -0.39479862440114644 
教学内容 0.003629764065335753 0.0011261261261261261 0.5082913625907972 
短小 0.0018148820326678765 0.0011261261261261261 0.20726136692681596 
教师 0.0018148820326678765 0.0011261261261261261 0.20726136692681596 
进步 0.003629764065335753 0.0011261261261261261 0.5082913625907972 
加油 0.0018148820326678765 0.0011261261261261261 0.20726136692681596 
配 0.0018148820326678765 0.0022522522522522522 -0.09376862873716524 
感谢 0.0018148820326678765 0.0011261261261261261 0.20726136692681596 
费心 0.0027223230490018148 0.0011261261261261261 0.38335262598249714 
挖掘 0.0018148820326678765 0.0011261261261261261 0.20726136692681596 
赞 0.004537205081669692 0.0011261261261261261 0.6052013755988536 
会好 0.0009074410163339383 0.0022522522522522522 -0.39479862440114644 
比较式 0.0018148820326678765 0.0011261261261261261 0.20726136692681596 
课 0.0054446460980036296 0.0011261261261261261 0.6843826216464783 
制作 0.003629764065335753 0.0011261261261261261 0.5082913625907972 
出来 0.0009074410163339383 0.0022522522522522522 -0.39479862440114644 
觉得 0.0009074410163339383 0.0022522522522522522 -0.39479862440114644 
實事求是 0.0018148820326678765 0.0011261261261261261 0.20726136692681596 
成功 0.0018148820326678765 0.0011261261261261261 0.20726136692681596 
意识 0.0018148820326678765 0.0011261261261261261 0.20726136692681596 
学到 0.0018148820326678765 0.0011261261261261261 0.20726136692681596 
适用 0.0018148820326678765 0.0011261261261261261 0.20726136692681596 
备课 0.0018148820326678765 0.0011261261261261261 0.20726136692681596 
倾听 0.0018148820326678765 0.0011261261261261261 0.20726136692681596 
显示 0.0009074410163339383 0.0022522522522522522 -0.39479862440114644 
考 0.0018148820326678765 0.0011261261261261261 0.20726136692681596 
引导 0.0018148820326678765 0.0011261261261261261 0.20726136692681596 
题目 0.0009074410163339383 0.0022522522522522522 -0.39479862440114644 
开阔眼界 0.0018148820326678765 0.0011261261261261261 0.20726136692681596 
形象 0.0018148820326678765 0.0011261261261261261 0.20726136692681596 
程序 0.0018148820326678765 0.0011261261261261261 0.20726136692681596 
方法 0.0018148820326678765 0.0011261261261261261 0.20726136692681596 
画面 0.0018148820326678765 0.0022522522522522522 -0.09376862873716524 
养成 0.0018148820326678765 0.0011261261261261261 0.20726136692681596 
过去 0.0009074410163339383 0.0022522522522522522 -0.39479862440114644 
反应 0.0009074410163339383 0.0022522522522522522 -0.39479862440114644 
声音 0.0018148820326678765 0.0011261261261261261 0.20726136692681596 
很多 0.0009074410163339383 0.0022522522522522522 -0.39479862440114644 
例子 0.0009074410163339383 0.0022522522522522522 -0.39479862440114644 
更好 0.0009074410163339383 0.0022522522522522522 -0.39479862440114644 
直接 0.0009074410163339383 0.006756756756756757 -0.8719198791208089 
省市区 0.0018148820326678765 0.0011261261261261261 0.20726136692681596 
发挥 0.0018148820326678765 0.0011261261261261261 0.20726136692681596 
内容 0.010889292196007259 0.00563063063063063 0.2864426129744408 
算 0.0009074410163339383 0.0022522522522522522 -0.39479862440114644 
音乐 0.0018148820326678765 0.0011261261261261261 0.20726136692681596 
改进 0.0009074410163339383 0.0022522522522522522 -0.39479862440114644 
空 0.0009074410163339383 0.0022522522522522522 -0.39479862440114644 
态度 0.0027223230490018148 0.0011261261261261261 0.38335262598249714 
卷子 0.0009074410163339383 0.0022522522522522522 -0.39479862440114644 
告诉 0.0018148820326678765 0.0011261261261261261 0.20726136692681596 
太好 0.0018148820326678765 0.0011261261261261261 0.20726136692681596 
不好 0.0009074410163339383 0.0033783783783783786 -0.5708898834568277 
多 0.0018148820326678765 0.0011261261261261261 0.20726136692681596 
自然 0.0027223230490018148 0.0011261261261261261 0.38335262598249714 
好看 0.0027223230490018148 0.0022522522522522522 0.08232263031851597 
短文 0.0018148820326678765 0.0011261261261261261 0.20726136692681596 
以后 0.0018148820326678765 0.0011261261261261261 0.20726136692681596 
太好了 0.0018148820326678765 0.0011261261261261261 0.20726136692681596 
习惯 0.0018148820326678765 0.0011261261261261261 0.20726136692681596 
